list(alpha=-1.00000E+00, b.male=-1.00000E+00, b.student=0.00000E+00, b.london=0.00000E+00, tau.age=5.00000E-01, tau.ethngrp=1.00000E+00, tau.la=1.00000E+00, tau.ons=2.00000E-01, tau.b=1.00000E+00)
