list(alpha=2.30914E-01, b.age=3.39803E-01, b.sex=6.85164E-01)
