list(alpha=5.02240E-01, b.age=1.24269E+00, b.sex=1.61882E+00)
