list(alpha=4.33583E-01, b.age=1.05553E+00, b.sex=8.26263E-01)
