list(sd=1.00000E+00)
