list(sd=2.00000E+00)
