list(alpha=-1.00000E+00, b.male=-1.00000E+00, b.student=0.00000E+00, b.IMD=0.00000E+00, tau.age=1.00000E-01, tau.ethngrp=3.00000E+00, tau.ons=1.00000E-01, tau.conception=2.00000E-01, tau.gor=1.00000E-01, tau.la=2.00000E+00, tau.met=2.00000E-01, sd.car=1.00000E+00)
