list(
num = c(3, 5, 9, 6, 2, 4, 4, 7, 6, 7, 6, 7, 7, 4, 7, 5, 3, 3, 4, 6, 10, 8, 5, 2, 6, 7, 2, 3, 7, 6, 5, 3, 5, 3, 4, 7, 3, 4, 4, 6, 2, 6, 6, 7, 5, 2, 3, 4, 2, 6, 7, 9, 5, 7, 3, 6, 4, 1, 1, 4, 7, 3, 5, 7, 7, 6, 8, 6, 4, 4, 6, 6, 3, 7, 2, 2, 8, 6, 6, 12, 7, 8, 5, 9, 5, 7, 8, 5, 6, 6, 6, 8, 7, 9, 5, 5, 4, 5, 4, 5, 5, 5, 2, 5, 4, 4, 4, 2, 6, 4, 4, 7, 4, 4, 6, 7, 6, 4, 4, 5, 7, 6, 4, 4, 7, 3, 7, 6, 5, 4, 7, 7, 4, 2, 4, 8, 6, 5, 6, 8, 7, 7, 1, 6, 4, 5, 4, 8, 4, 6, 7, 3, 7, 10, 6, 9, 9, 9, 3, 6, 5, 2, 3, 7, 5, 5, 4, 5, 6, 7, 3, 6, 2, 10, 9, 7, 7, 8, 7, 4, 7, 3, 7, 3, 5, 6, 4, 4, 7, 5, 5, 3, 7, 4, 8, 8, 7, 6, 2, 5, 4, 9, 6, 7, 7, 6, 7, 5, 5, 2, 6, 3, 3, 7, 5, 5, 3, 5, 4, 5, 1, 11, 6, 4, 4, 1, 7, 8, 6, 5, 8, 5, 7, 7, 8, 7, 5, 4, 5, 5, 7, 6, 9, 4, 4, 7, 7, 2, 5, 5, 4, 5, 5, 4, 7, 5, 5, 8, 1, 8, 3, 6, 1, 8, 6, 7, 5, 5, 3, 5, 4, 3, 2, 8, 4, 6, 5, 2, 7, 5, 4, 5, 5, 7, 3, 7, 7, 6, 5, 7, 6, 4, 4, 6, 5, 3, 6, 6, 4, 5, 5, 4, 6, 5, 5, 7, 2, 7, 4, 6, 2, 8, 5, 3, 6, 8, 6, 4, 4, 5, 6, 5, 6, 8, 7, 3),
adj = c(230, 186, 3,
247, 196, 188, 153, 21,
249, 230, 186, 125, 118, 106, 44, 38, 1,
326, 313, 154, 129, 101, 80,
276, 253,
278, 219, 111, 22,
297, 93, 36, 11,
210, 149, 131, 94, 56, 55, 26,
252, 249, 246, 166, 44, 10,
321, 298, 252, 246, 208, 112, 9,
282, 203, 98, 93, 36, 7,
203, 177, 170, 145, 136, 98, 63,
324, 317, 238, 229, 144, 54, 21,
279, 250, 225, 121,
322, 310, 301, 196, 157, 146, 140,
280, 251, 141, 127, 80,
313, 202, 81,
262, 242, 57,
291, 243, 82, 51,
304, 291, 286, 138, 51, 31,
317, 247, 238, 209, 188, 144, 67, 28, 13, 2,
294, 267, 235, 227, 219, 216, 111, 6,
304, 300, 286, 124, 83,
228, 207,
308, 291, 169, 100, 82, 31,
209, 196, 146, 144, 94, 56, 8,
228, 157,
317, 238, 21,
284, 225, 182, 162, 151, 121, 48,
289, 257, 161, 147, 113, 68,
308, 291, 138, 25, 20,
309, 287, 245,
281, 274, 234, 180, 158,
316, 189, 148,
206, 175, 96, 85,
297, 282, 211, 137, 89, 11, 7,
274, 264, 222,
246, 230, 106, 3,
288, 235, 86, 45,
255, 237, 205, 176, 166, 44,
96, 85,
239, 204, 190, 174, 168, 87,
295, 289, 232, 113, 102, 87,
249, 176, 166, 125, 40, 9, 3,
288, 268, 86, 72, 39,
220, 201,
320, 181, 109,
284, 182, 130, 29,
220, 160,
321, 236, 215, 178, 142, 103,
304, 300, 291, 243, 90, 20, 19,
290, 261, 256, 240, 217, 202, 158, 107, 84,
323, 260, 104, 91, 77,
324, 229, 197, 122, 92, 84, 13,
149, 56, 8,
301, 198, 146, 55, 26, 8,
266, 262, 73, 18,
140,
280,
177, 150, 63, 61,
167, 150, 136, 110, 64, 63, 60,
312, 275, 95,
177, 136, 61, 60, 12,
315, 265, 258, 227, 167, 110, 61,
244, 211, 174, 139, 116, 115, 79,
279, 228, 207, 174, 140, 121,
317, 247, 229, 222, 185, 105, 69, 21,
325, 295, 289, 257, 231, 30,
229, 185, 92, 67,
253, 214, 198, 133,
281, 234, 180, 158, 107, 84,
306, 288, 268, 195, 193, 45,
266, 248, 57,
316, 269, 265, 258, 181, 148, 80,
250, 102,
183, 101,
316, 283, 241, 189, 157, 104, 91, 53,
274, 234, 222, 185, 105, 92,
244, 228, 207, 132, 116, 65,
296, 270, 181, 154, 148, 141, 129, 127, 109, 74, 16, 4,
313, 264, 202, 200, 183, 173, 17,
292, 291, 243, 223, 100, 99, 25, 19,
300, 212, 124, 90, 23,
240, 234, 197, 134, 107, 92, 71, 54, 52,
175, 123, 96, 41, 35,
268, 235, 203, 177, 93, 45, 39,
239, 232, 204, 120, 114, 102, 43, 42,
309, 302, 277, 270, 127,
282, 260, 211, 170, 116, 36,
300, 243, 212, 202, 83, 51,
323, 316, 258, 136, 77, 53,
234, 229, 185, 134, 84, 78, 69, 54,
306, 297, 268, 203, 86, 11, 7,
324, 319, 224, 164, 144, 131, 112, 26, 8,
312, 275, 242, 97, 62,
286, 206, 85, 41, 35,
314, 275, 242, 95,
282, 203, 170, 12, 11,
292, 243, 156, 82,
223, 205, 169, 82, 25,
313, 183, 154, 76, 4,
250, 120, 87, 75, 43,
142, 50,
260, 157, 132, 77, 53,
222, 185, 78, 67,
249, 246, 38, 3,
158, 84, 71, 52,
160, 117,
320, 181, 152, 141, 80, 47,
258, 136, 64, 61,
294, 171, 22, 6,
321, 224, 208, 142, 131, 94, 10,
289, 161, 43, 30,
232, 231, 204, 87,
211, 187, 155, 139, 137, 65,
272, 260, 211, 132, 89, 79, 65,
287, 280, 277, 160, 127, 108,
312, 186, 125, 3,
310, 214, 198, 151,
279, 250, 239, 102, 87,
279, 225, 151, 140, 66, 29, 14,
324, 197, 178, 165, 159, 54,
266, 176, 175, 85,
286, 212, 83, 23,
312, 266, 262, 176, 118, 44, 3,
312, 230, 186,
280, 277, 270, 117, 88, 80, 16,
303, 190, 172, 168, 155, 139,
326, 302, 270, 80, 4,
284, 276, 133, 48,
210, 208, 163, 149, 112, 94, 8,
272, 260, 228, 157, 116, 104, 79,
276, 253, 130, 70,
92, 84,
308, 191, 175, 169,
323, 258, 145, 110, 91, 63, 61, 12,
297, 211, 187, 179, 115, 36,
308, 286, 206, 31, 20,
174, 168, 155, 128, 115, 65,
310, 228, 157, 151, 121, 66, 58, 15,
285, 251, 184, 152, 109, 80, 16,
321, 224, 178, 164, 112, 103, 50,
,
324, 209, 94, 26, 21, 13,
323, 170, 136, 12,
301, 196, 56, 26, 15,
257, 192, 161, 30,
318, 316, 296, 189, 154, 80, 74, 34,
163, 131, 55, 8,
235, 227, 177, 167, 61, 60,
310, 284, 214, 140, 121, 119, 29,
184, 141, 109,
322, 283, 247, 241, 213, 196, 2,
318, 296, 264, 222, 199, 183, 148, 101, 80, 4,
187, 179, 172, 139, 128, 115,
298, 292, 290, 255, 243, 236, 223, 215, 99,
322, 283, 228, 140, 132, 104, 77, 27, 15,
274, 217, 202, 200, 180, 107, 71, 52, 33,
197, 178, 122,
287, 220, 218, 117, 108, 49,
311, 192, 147, 113, 30,
225, 29,
208, 149, 131,
319, 224, 194, 178, 165, 142, 94,
324, 194, 178, 164, 122,
255, 252, 44, 40, 9,
227, 150, 64, 61,
190, 174, 139, 128, 42,
308, 205, 191, 135, 100, 25,
323, 282, 260, 145, 98, 89, 12,
325, 294, 111,
305, 303, 271, 179, 155, 128,
264, 81,
307, 279, 244, 239, 207, 168, 139, 66, 65, 42,
308, 237, 206, 191, 176, 135, 123, 85, 35,
266, 237, 175, 125, 123, 44, 40,
235, 203, 150, 86, 63, 60, 12,
236, 197, 165, 164, 159, 142, 122, 50,
306, 305, 297, 187, 172, 155, 137,
281, 158, 71, 33,
320, 265, 233, 109, 80, 74, 47,
284, 48, 29,
313, 264, 199, 154, 101, 81, 76,
285, 152, 141,
105, 92, 78, 69, 67,
312, 230, 126, 118, 3, 1,
179, 155, 137, 115,
209, 196, 21, 2,
318, 316, 241, 222, 148, 77, 34,
303, 204, 168, 128, 42,
237, 205, 175, 169, 135,
311, 161, 147,
325, 294, 288, 231, 216, 195, 72,
324, 319, 165, 164,
306, 305, 303, 271, 231, 204, 193, 72,
322, 209, 188, 153, 146, 26, 15, 2,
240, 236, 178, 159, 122, 84, 54,
310, 301, 214, 119, 70, 56,
183, 154,
274, 264, 202, 158, 81,
245, 220, 218, 46,
256, 243, 217, 200, 158, 90, 81, 52, 17,
177, 98, 93, 86, 12, 11,
303, 231, 195, 190, 114, 87, 42,
255, 237, 223, 191, 169, 100, 40,
308, 286, 175, 138, 96, 35,
307, 244, 228, 174, 79, 66, 24,
246, 163, 131, 112, 10,
196, 188, 144, 26, 21,
131, 8,
137, 116, 115, 89, 65, 36,
124, 90, 83,
247, 241, 153,
284, 276, 253, 198, 151, 119, 70,
321, 298, 236, 156, 50,
294, 288, 235, 193, 22,
202, 158, 52,
287, 245, 220, 201, 160,
278, 267, 22, 6,
218, 201, 160, 49, 46,
325,
318, 274, 264, 247, 241, 189, 154, 105, 78, 67, 37,
292, 255, 205, 156, 100, 82,
164, 142, 112, 94,
162, 121, 29, 14,
246,
315, 267, 235, 167, 150, 64, 22,
207, 157, 140, 132, 79, 66, 27, 24,
317, 92, 69, 67, 54, 13,
186, 126, 38, 3, 1,
325, 295, 232, 204, 195, 193, 114, 68,
295, 231, 114, 87, 43,
320, 315, 299, 293, 265, 254, 181,
281, 274, 92, 84, 78, 71, 33,
288, 227, 216, 177, 150, 86, 39, 22,
290, 240, 215, 197, 178, 156, 50,
205, 191, 176, 175, 40,
317, 28, 21, 13,
279, 174, 120, 87, 42,
290, 236, 197, 84, 52,
283, 247, 222, 213, 189, 153, 77,
314, 312, 262, 97, 95, 18,
290, 256, 202, 156, 99, 90, 82, 51, 19,
207, 174, 79, 65,
287, 218, 201, 32,
249, 226, 208, 106, 38, 10, 9,
241, 222, 213, 153, 67, 21, 2,
266, 73,
246, 106, 44, 9, 3,
279, 120, 102, 75, 14,
285, 280, 141, 16,
298, 255, 166, 10, 9,
276, 214, 133, 70, 5,
299, 293, 273, 233,
298, 252, 223, 205, 166, 156, 40,
290, 261, 243, 202, 52,
325, 263, 147, 68, 30,
316, 269, 265, 136, 110, 91, 74, 64,
,
323, 272, 170, 132, 116, 104, 89, 53,
290, 256, 52,
312, 266, 242, 125, 57, 18,
257,
274, 222, 200, 183, 173, 154, 81, 37,
315, 258, 233, 181, 74, 64,
262, 248, 176, 125, 123, 73, 57,
315, 293, 227, 219, 22,
306, 93, 86, 72, 45,
316, 258, 74,
302, 129, 127, 88, 80,
305, 303, 195, 172,
260, 132, 116,
299, 254,
264, 234, 222, 200, 158, 78, 37, 33,
314, 97, 95, 62,
284, 253, 214, 133, 130, 5,
309, 287, 127, 117, 88,
219, 6,
250, 239, 174, 121, 120, 66, 14,
251, 127, 117, 59, 16,
